$ANSIBLE_VAULT;1.1;AES256
38373035663663313539373238646261353531326664373461643537326139336634346364333239
3066393135323938633466656638336264303437616461370a363565343036376234646666623536
31333630373061613135366439323937313262643465613733633465313137363139633135613935
6134656534303363300a663834356532656261326665396563613132613039383131613137633966
66323533653433653535383765663530636364353763373666363434353862343834653839656135
38646531346461333732303636613030306262613831376537623761333634326532383936356664
63316134636537376266633838306230343230636236613261613833366530396663373337326163
32326233663532646163663739343663396335333438653430623234353063616138336465373138
66353764633261326331666133383962343532323430366630336162333564366639326638323833
39346433643733333864366266653839656531393938343236373933363434623364383031373535
61373330323761663336636438343430323937366237633831663831333239663537613863343264
33323933386435336237303831353964626466383630303663323237616561373234643664356161
61386262393830313762346639376162343237383366306439316366373962376234666636303335
3039393239393334396464346534376561616537346535333435
